       blueWardsPlaced  blueWardsDestroyed  blueFirstBlood    blueKills  \
count      9879.000000         9879.000000     9879.000000  9879.000000   
mean         22.288288            2.824881        0.504808     6.183925   
std          18.019177            2.174998        0.500002     3.011028   
min           5.000000            0.000000        0.000000     0.000000   
25%          14.000000            1.000000        0.000000     4.000000   
50%          16.000000            3.000000        1.000000     6.000000   
75%          20.000000            4.000000        1.000000     8.000000   
max         250.000000           27.000000        1.000000    22.000000   

        blueDeaths  blueAssists  blueEliteMonsters  blueDragons  blueHeralds  \
count  9879.000000  9879.000000        9879.000000  9879.000000  9879.000000   
mean      6.137666     6.645106           0.549954     0.361980     0.187974   
std       2.933818     4.064520           0.625527     0.480597     0.390712   
min       0.000000     0.000000           0.000000     0.000000     0.000000   
25%       4.000000     4.000000           0.000000     0.000000     0.000000   
50%       6.000000     6.000000           0.000000     0.000000     0.000000   
75%       8.000000     9.000000           1.000000     1.000000     0.000000   
max      22.000000    29.000000           2.000000     1.000000     1.000000   

       blueTowersDestroyed  blueTotalGold  blueAvgLevel  blueTotalExperience  \
count          9879.000000    9879.000000   9879.000000          9879.000000   
mean              0.051422   16503.455512      6.916004         17928.110133   
std               0.244369    1535.446636      0.305146          1200.523764   
min               0.000000   10730.000000      4.600000         10098.000000   
25%               0.000000   15415.500000      6.800000         17168.000000   
50%               0.000000   16398.000000      7.000000         17951.000000   
75%               0.000000   17459.000000      7.200000         18724.000000   
max               4.000000   23701.000000      8.000000         22224.000000   

       blueTotalMinionsKilled  blueTotalJungleMinionsKilled  blueGoldDiff  \
count             9879.000000                   9879.000000   9879.000000   
mean               216.699565                     50.509667     14.414111   
std                 21.858437                      9.898282   2453.349179   
min                 90.000000                      0.000000 -10830.000000   
25%                202.000000                     44.000000  -1585.500000   
50%                218.000000                     50.000000     14.000000   
75%                232.000000                     56.000000   1596.000000   
max                283.000000                     92.000000  11467.000000   

       blueExperienceDiff  blueCSPerMin  blueGoldPerMin  redWardsPlaced  \
count         9879.000000   9879.000000     9879.000000     9879.000000   
mean           -33.620306     21.669956     1650.345551       22.367952   
std           1920.370438      2.185844      153.544664       18.457427   
min          -9333.000000      9.000000     1073.000000        6.000000   
25%          -1290.500000     20.200000     1541.550000       14.000000   
50%            -28.000000     21.800000     1639.800000       16.000000   
75%           1212.000000     23.200000     1745.900000       20.000000   
max           8348.000000     28.300000     2370.100000      276.000000   

       redWardsDestroyed  redFirstBlood     redKills    redDeaths  \
count        9879.000000    9879.000000  9879.000000  9879.000000   
mean            2.723150       0.495192     6.137666     6.183925   
std             2.138356       0.500002     2.933818     3.011028   
min             0.000000       0.000000     0.000000     0.000000   
25%             1.000000       0.000000     4.000000     4.000000   
50%             2.000000       0.000000     6.000000     6.000000   
75%             4.000000       1.000000     8.000000     8.000000   
max            24.000000       1.000000    22.000000    22.000000   

        redAssists  redEliteMonsters   redDragons   redHeralds  \
count  9879.000000       9879.000000  9879.000000  9879.000000   
mean      6.662112          0.573135     0.413098     0.160036   
std       4.060612          0.626482     0.492415     0.366658   
min       0.000000          0.000000     0.000000     0.000000   
25%       4.000000          0.000000     0.000000     0.000000   
50%       6.000000          0.000000     0.000000     0.000000   
75%       9.000000          1.000000     1.000000     0.000000   
max      28.000000          2.000000     1.000000     1.000000   

       redTowersDestroyed  redTotalGold  redAvgLevel  redTotalExperience  \
count         9879.000000   9879.000000  9879.000000         9879.000000   
mean             0.043021  16489.041401     6.925316        17961.730438   
std              0.216900   1490.888406     0.305311         1198.583912   
min              0.000000  11212.000000     4.800000        10465.000000   
25%              0.000000  15427.500000     6.800000        17209.500000   
50%              0.000000  16378.000000     7.000000        17974.000000   
75%              0.000000  17418.500000     7.200000        18764.500000   
max              2.000000  22732.000000     8.200000        22269.000000   

       redTotalMinionsKilled  redTotalJungleMinionsKilled   redGoldDiff  \
count            9879.000000                  9879.000000   9879.000000   
mean              217.349226                    51.313088    -14.414111   
std                21.911668                    10.027885   2453.349179   
min               107.000000                     4.000000 -11467.000000   
25%               203.000000                    44.000000  -1596.000000   
50%               218.000000                    51.000000    -14.000000   
75%               233.000000                    57.000000   1585.500000   
max               289.000000                    92.000000  10830.000000   

       redExperienceDiff  redCSPerMin  redGoldPerMin  
count        9879.000000  9879.000000    9879.000000  
mean           33.620306    21.734923    1648.904140  
std          1920.370438     2.191167     149.088841  
min         -8348.000000    10.700000    1121.200000  
25%         -1212.000000    20.300000    1542.750000  
50%            28.000000    21.800000    1637.800000  
75%          1290.500000    23.300000    1741.850000  
max          9333.000000    28.900000    2273.200000  